Global: 0.015043
Local: 0.444016